 1  210.461491  2994999333.9279
 2  198.088052  2994999333.9279
 3  157.091391  2994999333.9279
 4  60.215370  2994999333.9279
 5  8.335139  2994999333.9279
 6  4.772748  2994999333.9279
 7  5.220952  2994999333.9279
 8  2.094804  2994999333.9279
 9  1.478261  2994999333.9279
10  5.755657  2994999333.9279
11  45.223483  2994999333.9279
12  143.700570  2994999333.9279
 1  0.013574  2994999333.9279
 2  0.058235  2994999333.9279
 3  0.173913  2994999333.9279
 4  2.824452  2994999333.9279
 5  22.819083  2994999333.9279
 6  61.028478  2994999333.9279
 7  119.152887  2994999333.9279
 8  159.024074  2994999333.9279
 9  92.615578  2994999333.9279
10  14.672265  2994999333.9279
11  0.082317  2994999333.9279
12  0.000230  2994999333.9279
 1  213.388552  2988247603.2479
 2  200.394591  2988247603.2479
 3  162.251117  2988247603.2479
 4  66.553870  2988247603.2479
 5  11.922417  2988247603.2479
 6  8.003743  2988247603.2479
 7  8.899909  2988247603.2479
 8  4.091552  2988247603.2479
 9  1.695652  2988247603.2479
10  7.619617  2988247603.2479
11  43.213957  2988247603.2479
12  142.915222  2988247603.2479
 1  204.503961  2994999333.9279
 2  197.609357  2994999333.9279
 3  157.807791  2994999333.9279
 4  62.253578  2994999333.9279
 5  9.934500  2994999333.9279
 6  4.759122  2994999333.9279
 7  7.141922  2994999333.9279
 8  2.666570  2994999333.9279
 9  1.739130  2994999333.9279
10  6.113930  2994999333.9279
11  40.989504  2994999333.9279
12  141.935887  2994999333.9279
 1  202.863574  2988247603.2479
 2  204.809709  2988247603.2479
 3  173.288017  2988247603.2479
 4  75.382139  2988247603.2479
 5  16.067917  2988247603.2479
 6  9.033022  2988247603.2479
 7  13.411826  2988247603.2479
 8  6.697600  2988247603.2479
 9  1.688522  2988247603.2479
10  8.542730  2988247603.2479
11  35.519809  2988247603.2479
12  135.444296  2988247603.2479
 1  200.729600  2994999333.9279
 2  204.349500  2994999333.9279
 3  174.232917  2994999333.9279
 4  73.984052  2994999333.9279
 5  9.533278  2994999333.9279
 6  9.487665  2994999333.9279
 7  11.437983  2994999333.9279
 8  5.570687  2994999333.9279
 9  1.652174  2994999333.9279
10  7.412187  2994999333.9279
11  33.832052  2994999333.9279
12  129.087700  2994999333.9279
 1  199.908370  2994999333.9279
 2  200.496322  2994999333.9279
 3  178.712165  2994999333.9279
 4  83.875700  2994999333.9279
 5  8.163957  2994999333.9279
 6  13.748561  2994999333.9279
 7  16.822657  2994999333.9279
 8  8.841752  2994999333.9279
 9  2.693039  2994999333.9279
10  8.327026  2994999333.9279
11  30.155648  2994999333.9279
12  117.051113  2994999333.9279
 1  200.770752  2974061973.5149
 2  188.890561  2974061973.5149
 3  188.804548  2974061973.5149
 4  99.002748  2974061973.5149
 5  17.274270  2974061973.5149
 6  17.722109  2974061973.5149
 7  20.369348  2974061973.5149
 8  8.681752  2974061973.5149
 9  1.640074  2974061973.5149
10  9.429674  2974061973.5149
11  27.733578  2974061973.5149
12  122.975765  2974061973.5149
 1  216.258091  2981268305.9434
 2  206.324226  2981268305.9434
 3  177.326796  2981268305.9434
 4  85.610717  2981268305.9434
 5  18.095352  2981268305.9434
 6  14.647248  2981268305.9434
 7  17.012839  2981268305.9434
 8  9.148526  2981268305.9434
 9  2.130435  2981268305.9434
10  10.616065  2981268305.9434
11  35.126791  2981268305.9434
12  141.877800  2981268305.9434
 1  223.931148  2966629154.7526
 2  196.684587  2966629154.7526
 3  199.297048  2966629154.7526
 4  109.994926  2966629154.7526
 5  33.743278  2966629154.7526
 6  29.277478  2966629154.7526
 7  33.081670  2966629154.7526
 8  17.830948  2966629154.7526
 9  1.086957  2966629154.7526
10  12.306170  2966629154.7526
11  35.225330  2966629154.7526
12  131.404735  2966629154.7526
 1  0.000748  2988247603.2479
 2  0.028778  2988247603.2479
 3  0.260870  2988247603.2479
 4  1.680891  2988247603.2479
 5  18.474109  2988247603.2479
 6  48.987335  2988247603.2479
 7  102.358235  2988247603.2479
 8  142.888670  2988247603.2479
 9  71.971143  2988247603.2479
10  11.350404  2988247603.2479
11  0.052313  2988247603.2479
12  0.000652  2988247603.2479
 1  0.000070  3001522983.8131
 2  0.061552  3001522983.8131
 3  0.826087  3001522983.8131
 4  4.505687  3001522983.8131
 5  30.724839  3001522983.8131
 6  75.387217  3001522983.8131
 7  137.630822  3001522983.8131
 8  174.885435  3001522983.8131
 9  94.530509  3001522983.8131
10  19.118870  3001522983.8131
11  0.021839  3001522983.8131
12  0.000074  3001522983.8131
 1  0.000404  2994999333.9279
 2  0.017270  2994999333.9279
 3  0.743248  2994999333.9279
 4  1.090035  2994999333.9279
 5  23.562543  2994999333.9279
 6  56.455487  2994999333.9279
 7  106.472243  2994999333.9279
 8  153.817917  2994999333.9279
 9  73.286326  2994999333.9279
10  11.293322  2994999333.9279
11  0.053170  2994999333.9279
12  0.000000  2994999333.9279
 1  0.003135  2981268305.9434
 2  0.033696  2981268305.9434
 3  0.186800  2981268305.9434
 4  1.256670  2981268305.9434
 5  12.455696  2981268305.9434
 6  41.688426  2981268305.9434
 7  87.698665  2981268305.9434
 8  125.409843  2981268305.9434
 9  61.133391  2981268305.9434
10  7.926709  2981268305.9434
11  0.013000  2981268305.9434
12  0.000596  2981268305.9434
 1  0.002583  2981268305.9434
 2  0.015409  2981268305.9434
 3  0.077574  2981268305.9434
 4  1.299222  2981268305.9434
 5  12.599330  2981268305.9434
 6  39.505778  2981268305.9434
 7  91.293083  2981268305.9434
 8  127.600587  2981268305.9434
 9  62.995574  2981268305.9434
10  9.005035  2981268305.9434
11  0.073013  2981268305.9434
12  0.000174  2981268305.9434
 1  0.000135  2988247603.2479
 2  0.016365  2988247603.2479
 3  0.043478  2988247603.2479
 4  1.710865  2988247603.2479
 5  16.892578  2988247603.2479
 6  47.302478  2988247603.2479
 7  105.469470  2988247603.2479
 8  141.610222  2988247603.2479
 9  77.750083  2988247603.2479
10  11.858448  2988247603.2479
11  0.043478  2988247603.2479
12  0.000713  2988247603.2479
 1  0.004526  2974061973.5149
 2  0.086957  2974061973.5149
 3  0.125817  2974061973.5149
 4  0.391304  2974061973.5149
 5  6.690126  2974061973.5149
 6  26.779235  2974061973.5149
 7  83.487487  2974061973.5149
 8  100.766448  2974061973.5149
 9  49.496604  2974061973.5149
10  6.847887  2974061973.5149
11  0.010609  2974061973.5149
12  0.000148  2974061973.5149
 1  0.006583  2981268305.9434
 2  0.125852  2981268305.9434
 3  0.544443  2981268305.9434
 4  1.155135  2981268305.9434
 5  11.452143  2981268305.9434
 6  39.845804  2981268305.9434
 7  88.405622  2981268305.9434
 8  120.343748  2981268305.9434
 9  55.768565  2981268305.9434
10  8.070635  2981268305.9434
11  0.024783  2981268305.9434
12  0.000126  2981268305.9434
 1  0.015365  2974061973.5149
 2  0.058548  2974061973.5149
 3  0.107196  2974061973.5149
 4  1.052209  2974061973.5149
 5  8.055113  2974061973.5149
 6  32.843852  2974061973.5149
 7  77.398700  2974061973.5149
 8  104.209896  2974061973.5149
 9  50.796665  2974061973.5149
10  5.665109  2974061973.5149
11  0.013722  2974061973.5149
12  0.000183  2974061973.5149
 1  0.010443  2974061973.5149
 2  0.043478  2974061973.5149
 3  0.100083  2974061973.5149
 4  1.086509  2974061973.5149
 5  7.979670  2974061973.5149
 6  31.899200  2974061973.5149
 7  78.046343  2974061973.5149
 8  102.548357  2974061973.5149
 9  49.474909  2974061973.5149
10  5.600522  2974061973.5149
11  0.019004  2974061973.5149
12  0.000200  2974061973.5149
 1  0.007126  3001522983.8131
 2  0.041513  3001522983.8131
 3  0.782609  3001522983.8131
 4  3.555774  3001522983.8131
 5  30.377309  3001522983.8131
 6  70.348474  3001522983.8131
 7  131.795417  3001522983.8131
 8  169.415443  3001522983.8131
 9  88.332152  3001522983.8131
10  16.783200  3001522983.8131
11  0.034622  3001522983.8131
12  0.000000  3001522983.8131
 1  0.000078  2981268305.9434
 2  0.006583  2981268305.9434
 3  0.032839  2981268305.9434
 4  0.695652  2981268305.9434
 5  11.743370  2981268305.9434
 6  34.514839  2981268305.9434
 7  97.111783  2981268305.9434
 8  124.051152  2981268305.9434
 9  64.508730  2981268305.9434
10  9.544787  2981268305.9434
11  0.054265  2981268305.9434
12  0.000000  2981268305.9434
 1  0.000457  2981268305.9434
 2  0.006565  2981268305.9434
 3  0.036387  2981268305.9434
 4  0.391304  2981268305.9434
 5  10.057074  2981268305.9434
 6  33.985100  2981268305.9434
 7  98.125474  2981268305.9434
 8  123.599026  2981268305.9434
 9  64.796974  2981268305.9434
10  11.523870  2981268305.9434
11  0.043478  2981268305.9434
12  0.001204  2981268305.9434
 1  219.603983  2974061973.5149
 2  201.391552  2974061973.5149
 3  197.003935  2974061973.5149
 4  98.115204  2974061973.5149
 5  19.871896  2974061973.5149
 6  19.336739  2974061973.5149
 7  22.091274  2974061973.5149
 8  10.734922  2974061973.5149
 9  1.760270  2974061973.5149
10  11.412470  2974061973.5149
11  30.426722  2974061973.5149
12  134.040935  2974061973.5149
 1  234.324400  2966629154.7526
 2  199.271287  2966629154.7526
 3  202.158409  2966629154.7526
 4  107.133457  2966629154.7526
 5  37.156765  2966629154.7526
 6  33.015383  2966629154.7526
 7  34.184087  2966629154.7526
 8  16.823496  2966629154.7526
 9  1.260870  2966629154.7526
10  11.881565  2966629154.7526
11  41.473865  2966629154.7526
12  136.546757  2966629154.7526
 1  218.334600  2966629154.7526
 2  189.492757  2966629154.7526
 3  200.600383  2966629154.7526
 4  104.814439  2966629154.7526
 5  26.953465  2966629154.7526
 6  26.687139  2966629154.7526
 7  28.262774  2966629154.7526
 8  13.377961  2966629154.7526
 9  1.151965  2966629154.7526
10  10.819983  2966629154.7526
11  32.526000  2966629154.7526
12  130.609239  2966629154.7526
 1  180.214000  2966629154.7526
 2  161.614470  2966629154.7526
 3  166.808096  2966629154.7526
 4  98.288913  2966629154.7526
 5  22.824217  2966629154.7526
 6  20.447404  2966629154.7526
 7  22.325757  2966629154.7526
 8  10.557161  2966629154.7526
 9  1.602604  2966629154.7526
10  9.714113  2966629154.7526
11  25.843335  2966629154.7526
12  110.394765  2966629154.7526
 1  0.042583  3001522983.8131
 2  0.015726  3001522983.8131
 3  0.695652  3001522983.8131
 4  2.818774  3001522983.8131
 5  31.841439  3001522983.8131
 6  68.761939  3001522983.8131
 7  127.481096  3001522983.8131
 8  169.994409  3001522983.8131
 9  87.651391  3001522983.8131
10  14.718526  3001522983.8131
11  0.037465  3001522983.8131
12  0.000000  3001522983.8131
 1  219.976361  2974061973.5149
 2  205.221109  2974061973.5149
 3  186.772909  2974061973.5149
 4  93.552591  2974061973.5149
 5  25.838204  2974061973.5149
 6  20.778139  2974061973.5149
 7  25.513830  2974061973.5149
 8  11.575357  2974061973.5149
 9  1.958274  2974061973.5149
10  12.218361  2974061973.5149
11  34.744509  2974061973.5149
12  136.685000  2974061973.5149
 1  201.742200  2994999333.9279
 2  202.074243  2994999333.9279
 3  162.820374  2994999333.9279
 4  65.437413  2994999333.9279
 5  10.830961  2994999333.9279
 6  5.639861  2994999333.9279
 7  9.232239  2994999333.9279
 8  4.881657  2994999333.9279
 9  1.478261  2994999333.9279
10  6.886713  2994999333.9279
11  36.887935  2994999333.9279
12  135.075413  2994999333.9279
 1  206.437530  2988247603.2479
 2  200.307809  2988247603.2479
 3  167.983461  2988247603.2479
 4  71.190952  2988247603.2479
 5  13.619909  2988247603.2479
 6  8.926374  2988247603.2479
 7  11.320957  2988247603.2479
 8  4.785617  2988247603.2479
 9  1.913043  2988247603.2479
10  8.306730  2988247603.2479
11  39.236270  2988247603.2479
12  139.006226  2988247603.2479
 1  200.989974  2988247603.2479
 2  207.063822  2988247603.2479
 3  181.357009  2988247603.2479
 4  79.438539  2988247603.2479
 5  11.872683  2988247603.2479
 6  10.244157  2988247603.2479
 7  14.524348  2988247603.2479
 8  5.809035  2988247603.2479
 9  1.434783  2988247603.2479
10  9.402035  2988247603.2479
11  31.628883  2988247603.2479
12  127.023665  2988247603.2479
 1  198.217878  2988247603.2479
 2  202.298652  2988247603.2479
 3  182.491491  2988247603.2479
 4  86.141674  2988247603.2479
 5  6.861461  2988247603.2479
 6  15.395804  2988247603.2479
 7  18.754187  2988247603.2479
 8  8.182948  2988247603.2479
 9  2.161639  2988247603.2479
10  9.408596  2988247603.2479
11  29.001335  2988247603.2479
12  119.354026  2988247603.2479
 1  219.096070  2981268305.9434
 2  206.901309  2981268305.9434
 3  170.556974  2981268305.9434
 4  79.342309  2981268305.9434
 5  21.057435  2981268305.9434
 6  14.194148  2981268305.9434
 7  15.528626  2981268305.9434
 8  9.366657  2981268305.9434
 9  2.627574  2981268305.9434
10  10.544448  2981268305.9434
11  40.821043  2981268305.9434
12  143.457926  2981268305.9434
 1  213.147391  2981268305.9434
 2  205.463400  2981268305.9434
 3  185.987117  2981268305.9434
 4  86.525517  2981268305.9434
 5  19.332657  2981268305.9434
 6  14.427883  2981268305.9434
 7  17.944283  2981268305.9434
 8  8.726230  2981268305.9434
 9  1.996361  2981268305.9434
10  10.424752  2981268305.9434
11  31.586065  2981268305.9434
12  134.163000  2981268305.9434
 1  204.983143  2981268305.9434
 2  202.150348  2981268305.9434
 3  188.669161  2981268305.9434
 4  93.385152  2981268305.9434
 5  16.250848  2981268305.9434
 6  15.479900  2981268305.9434
 7  18.704857  2981268305.9434
 8  8.573287  2981268305.9434
 9  1.468170  2981268305.9434
10  9.565735  2981268305.9434
11  29.334378  2981268305.9434
12  126.637057  2981268305.9434
 1  198.759413  2981268305.9434
 2  199.065830  2981268305.9434
 3  180.427335  2981268305.9434
 4  91.336848  2981268305.9434
 5  8.197665  2981268305.9434
 6  18.547987  2981268305.9434
 7  21.325130  2981268305.9434
 8  8.041483  2981268305.9434
 9  1.873487  2981268305.9434
10  9.545604  2981268305.9434
11  27.434591  2981268305.9434
12  121.664909  2981268305.9434
 1  229.374496  2974061973.5149
 2  208.886287  2974061973.5149
 3  185.519896  2974061973.5149
 4  93.811209  2974061973.5149
 5  28.435757  2974061973.5149
 6  20.668361  2974061973.5149
 7  22.294204  2974061973.5149
 8  12.400635  2974061973.5149
 9  2.162352  2974061973.5149
10  12.470217  2974061973.5149
11  44.339278  2974061973.5149
12  142.571822  2974061973.5149
 1  175.806822  2974061973.5149
 2  167.610396  2974061973.5149
 3  156.894987  2974061973.5149
 4  84.762004  2974061973.5149
 5  12.541291  2974061973.5149
 6  17.377900  2974061973.5149
 7  18.867048  2974061973.5149
 8  8.565643  2974061973.5149
 9  2.544230  2974061973.5149
10  9.664639  2974061973.5149
11  22.415439  2974061973.5149
12  109.141683  2974061973.5149
 1  0.000000  3001522983.8131
 2  0.056617  3001522983.8131
 3  0.652174  3001522983.8131
 4  4.732843  3001522983.8131
 5  30.633043  3001522983.8131
 6  79.369126  3001522983.8131
 7  139.554117  3001522983.8131
 8  178.094126  3001522983.8131
 9  105.617317  3001522983.8131
10  19.679487  3001522983.8131
11  0.053843  3001522983.8131
12  0.000052  3001522983.8131
 1  0.000170  3001522983.8131
 2  0.012448  3001522983.8131
 3  0.650713  3001522983.8131
 4  2.183665  3001522983.8131
 5  32.914935  3001522983.8131
 6  69.734435  3001522983.8131
 7  117.879917  3001522983.8131
 8  163.426113  3001522983.8131
 9  84.388000  3001522983.8131
10  12.049904  3001522983.8131
11  0.086209  3001522983.8131
12  0.000330  3001522983.8131
 1  0.000039  2994999333.9279
 2  0.027513  2994999333.9279
 3  0.565217  2994999333.9279
 4  2.145943  2994999333.9279
 5  23.572278  2994999333.9279
 6  57.802626  2994999333.9279
 7  117.653378  2994999333.9279
 8  157.633235  2994999333.9279
 9  77.139043  2994999333.9279
10  11.834848  2994999333.9279
11  0.017470  2994999333.9279
12  0.000278  2994999333.9279
 1  0.019157  2994999333.9279
 2  0.036291  2994999333.9279
 3  0.434783  2994999333.9279
 4  2.250091  2994999333.9279
 5  23.666783  2994999333.9279
 6  58.683348  2994999333.9279
 7  116.178961  2994999333.9279
 8  156.126991  2994999333.9279
 9  79.335809  2994999333.9279
10  12.491091  2994999333.9279
11  0.043478  2994999333.9279
12  0.000448  2994999333.9279
 1  0.003035  2988247603.2479
 2  0.030235  2988247603.2479
 3  0.434783  2988247603.2479
 4  1.475048  2988247603.2479
 5  17.614696  2988247603.2479
 6  48.275300  2988247603.2479
 7  103.901083  2988247603.2479
 8  138.742030  2988247603.2479
 9  66.917491  2988247603.2479
10  9.722187  2988247603.2479
11  0.013652  2988247603.2479
12  0.000674  2988247603.2479
 1  0.000096  2988247603.2479
 2  0.020513  2988247603.2479
 3  0.086957  2988247603.2479
 4  1.666600  2988247603.2479
 5  18.403396  2988247603.2479
 6  47.550496  2988247603.2479
 7  104.593752  2988247603.2479
 8  141.034422  2988247603.2479
 9  78.161757  2988247603.2479
10  11.434917  2988247603.2479
11  0.086957  2988247603.2479
12  0.000048  2988247603.2479
 1  0.018174  2988247603.2479
 2  0.039539  2988247603.2479
 3  0.759470  2988247603.2479
 4  0.820117  2988247603.2479
 5  17.118957  2988247603.2479
 6  47.249313  2988247603.2479
 7  101.097326  2988247603.2479
 8  137.662552  2988247603.2479
 9  64.294122  2988247603.2479
10  8.850543  2988247603.2479
11  0.038391  2988247603.2479
12  0.000552  2988247603.2479
 1  0.006422  2974061973.5149
 2  0.043478  2974061973.5149
 3  0.064065  2974061973.5149
 4  0.260870  2974061973.5149
 5  5.550448  2974061973.5149
 6  26.653483  2974061973.5149
 7  86.886335  2974061973.5149
 8  105.198357  2974061973.5149
 9  52.736730  2974061973.5149
10  9.357287  2974061973.5149
11  0.019265  2974061973.5149
12  0.000174  2974061973.5149
 1  0.024670  2974061973.5149
 2  0.142004  2974061973.5149
 3  0.325187  2974061973.5149
 4  1.065035  2974061973.5149
 5  7.528613  2974061973.5149
 6  30.583439  2974061973.5149
 7  75.152700  2974061973.5149
 8  104.131913  2974061973.5149
 9  44.840922  2974061973.5149
10  5.932091  2974061973.5149
11  0.013000  2974061973.5149
12  0.000017  2974061973.5149
 1  0.006048  2994999333.9279
 2  0.057326  2994999333.9279
 3  0.304348  2994999333.9279
 4  2.819204  2994999333.9279
 5  23.482583  2994999333.9279
 6  60.526461  2994999333.9279
 7  113.869252  2994999333.9279
 8  155.292317  2994999333.9279
 9  83.706870  2994999333.9279
10  13.841878  2994999333.9279
11  0.043478  2994999333.9279
12  0.000109  2994999333.9279
